	ckpt_intvl	sfs_bw	bb_bw	sys_mtbf	low_bound	avg	high_bound
0	1h	160000000000.0	10000000000.0	86400.0	0.0003441298519627964	8.946675307924671e-05	0.0002910116135330067
1	1h	160000000000.0	10000000000.0	82800.0	0.0003747356558488227	0.00019223023614240386	0.00039150153035070676
2	1h	160000000000.0	10000000000.0	79200.0	0.0002957628825374475	4.72199571026578e-05	0.0003129208606652477
3	1h	160000000000.0	10000000000.0	75600.0	0.0003527138568855012	5.056384740170208e-05	0.00027355986149908934
4	1h	160000000000.0	10000000000.0	72000.0	0.00028849806071133916	0.0002559590214542477	0.00026167479439249356
5	1h	160000000000.0	10000000000.0	68400.0	0.00024386866048130035	-0.00010509582043396679	0.00021571603605912316
6	1h	160000000000.0	10000000000.0	64800.0	0.00024997735622082787	0.00023938578593001014	0.0002774813963580062
7	1h	160000000000.0	10000000000.0	61200.0	0.00026010739364152116	0.00026111545455150735	0.0004022527901987841
8	1h	160000000000.0	10000000000.0	57600.0	0.00015773518279288596	0.0002004326746984919	0.00041558215587680263
9	1h	160000000000.0	10000000000.0	54000.0	0.00014930985393352332	-6.13336113847885e-05	0.00023922147209445225
10	1h	160000000000.0	10000000000.0	50400.0	0.0001213118893589228	-5.891020363332387e-05	0.0003202908702364287
11	1h	160000000000.0	10000000000.0	46800.0	8.141965328927804e-05	-0.00041374963771968233	0.0002945217731243205
12	1h	160000000000.0	10000000000.0	43200.0	5.7801106731827706e-05	-4.696624427149112e-05	0.0003405213753808259
13	1h	160000000000.0	10000000000.0	39600.0	5.42668962623036e-05	0.00017851903450795078	0.0004306072803146564
14	1h	160000000000.0	10000000000.0	36000.0	5.860686045897046e-05	0.00015418875465731427	0.0005627821517069013
15	1h	160000000000.0	10000000000.0	32400.0	7.24352145837809e-06	4.525539182088532e-05	0.0006563526661875546
16	1h	160000000000.0	10000000000.0	28800.0	-6.617858921355128e-05	0.0001452225490292127	0.00043210217709997614
17	1h	160000000000.0	10000000000.0	25200.0	-7.554102147152078e-05	0.00030839335708691615	0.0008423608313930023
18	1h	160000000000.0	10000000000.0	21600.0	-6.555827226301602e-05	0.0003714831090153223	0.0009751655180219245
19	1h	160000000000.0	10000000000.0	18000.0	0.00010051342121416228	0.0005603759533554177	0.0012709008586071465
20	1h	160000000000.0	10000000000.0	14400.0	0.0003645745194287486	0.001077232686318701	0.0020508354254109057
21	1h	160000000000.0	10000000000.0	10800.0	0.0009740431795022737	0.00224481872380661	0.0035544803458767405
22	1h	160000000000.0	10000000000.0	7200.0	0.002751369646998472	0.0048754896790265245	0.007098480033253816
23	1h	160000000000.0	10000000000.0	3600.0	0.014293727297205301	0.018620099407778666	0.024845904950650574
24	1h	150000000000.0	10000000000.0	86400.0	0.000324789025995528	0.00029013322902775925	0.0004568092509598182
25	1h	150000000000.0	10000000000.0	82800.0	0.00028360786798164756	-3.766364074889216e-05	0.0004045408027050718
26	1h	150000000000.0	10000000000.0	79200.0	0.0002928112017409276	0.0001252705036537587	0.0002465714917235703
27	1h	150000000000.0	10000000000.0	75600.0	0.00024775634342774156	0.0002476711843939734	0.0003259668662640528
28	1h	150000000000.0	10000000000.0	72000.0	0.0002241553631806368	0.00022115448043157602	0.00023969571777871792
29	1h	150000000000.0	10000000000.0	68400.0	0.0002653113395841236	0.0002095414373052849	0.00031116061766183704
30	1h	150000000000.0	10000000000.0	64800.0	0.00019268565138823052	0.00020200809495798358	0.00031131236955665167
31	1h	150000000000.0	10000000000.0	61200.0	0.00015044514997160526	0.00015522647346890856	0.00028441009986981524
32	1h	150000000000.0	10000000000.0	57600.0	0.00017049339665411393	-7.671265680674662e-05	0.00033308114743051316
33	1h	150000000000.0	10000000000.0	54000.0	0.00010894107326030157	-4.767516099217126e-05	0.0003535766067010839
34	1h	150000000000.0	10000000000.0	50400.0	0.00012344123620730996	-0.00011784311753769232	0.0002762176421410474
35	1h	150000000000.0	10000000000.0	46800.0	7.890381943839492e-05	9.049166869677053e-05	0.0002498134390983631
36	1h	150000000000.0	10000000000.0	43200.0	5.939353042431388e-05	0.00014139225598597846	0.0003608228083932573
37	1h	150000000000.0	10000000000.0	39600.0	5.052959269473173e-06	0.00015830768593274864	0.0005142997570946272
38	1h	150000000000.0	10000000000.0	36000.0	8.651438727980739e-07	0.00019516171297583452	0.0004854213435540101
39	1h	150000000000.0	10000000000.0	32400.0	-8.747447844279703e-05	2.4051761184915857e-05	0.0006339386504081745
40	1h	150000000000.0	10000000000.0	28800.0	-9.930349335511806e-05	0.00024318066010897742	0.0007158832118923427
41	1h	150000000000.0	10000000000.0	25200.0	-8.556294713979603e-05	0.00011395465567931953	0.0008170336608963543
42	1h	150000000000.0	10000000000.0	21600.0	-3.4336800486083714e-05	0.00018445549267644547	0.000999524751136811
43	1h	150000000000.0	10000000000.0	18000.0	-1.4149847140085487e-05	0.0006513080801733284	0.001383438291857789
44	1h	150000000000.0	10000000000.0	14400.0	0.000305121115577667	0.001264359313817848	0.002217631216203988
45	1h	150000000000.0	10000000000.0	10800.0	0.0008879739038049784	0.002231847746042237	0.0033639433917992813
46	1h	150000000000.0	10000000000.0	7200.0	0.0032235706583639244	0.005606038094391917	0.007992795238443656
47	1h	150000000000.0	10000000000.0	3600.0	0.015140440948302959	0.020898531762324455	0.026013982232547417
48	1h	140000000000.0	10000000000.0	86400.0	0.0002828746417882343	0.0002443582418103172	0.00027617190296082847
49	1h	140000000000.0	10000000000.0	82800.0	0.00029206357178792323	-1.3693735316610287e-05	0.0002745607731844422
50	1h	140000000000.0	10000000000.0	79200.0	0.0002696269595039884	0.00022506395457735852	0.00038268934492242804
51	1h	140000000000.0	10000000000.0	75600.0	0.0002132859774525111	0.00023599284996812678	0.00030591978158815464
52	1h	140000000000.0	10000000000.0	72000.0	0.00024124673828760127	0.000234095317765197	0.0003699821851219328
53	1h	140000000000.0	10000000000.0	68400.0	0.00019442140818277367	0.00019140779081488048	0.0003336117537338795
54	1h	140000000000.0	10000000000.0	64800.0	0.00016156705893959067	-0.00010257976190817272	0.00015737394911134793
55	1h	140000000000.0	10000000000.0	61200.0	0.00014397233952100758	0.000176371621116503	0.00038608490579246997
56	1h	140000000000.0	10000000000.0	57600.0	0.00013956351634765148	-0.0002516628743643197	0.00030747829183783593
57	1h	140000000000.0	10000000000.0	54000.0	0.00013114777535032558	0.00021070831519044253	0.00044892223482628215
58	1h	140000000000.0	10000000000.0	50400.0	7.208952401532983e-05	0.0001540984090576008	0.00033749565026400556
59	1h	140000000000.0	10000000000.0	46800.0	3.630492691910085e-05	0.00017338675228709545	0.0005448112760395368
60	1h	140000000000.0	10000000000.0	43200.0	-6.312442019301224e-07	0.00011934148097253417	0.0003256651364811915
61	1h	140000000000.0	10000000000.0	39600.0	-3.950971565873883e-05	0.00016875351832934212	0.0004684945448392775
62	1h	140000000000.0	10000000000.0	36000.0	-7.303506192284852e-05	0.00021447012081201124	0.0006107880779577463
63	1h	140000000000.0	10000000000.0	32400.0	-0.0001130394162327181	0.0002240232737925332	0.0008965357078022939
64	1h	140000000000.0	10000000000.0	28800.0	-0.00014386629740671848	0.0003448209711680429	0.0010371836768046712
65	1h	140000000000.0	10000000000.0	25200.0	-2.4467988418649033e-05	0.00034394830916176927	0.0013900571093878411
66	1h	140000000000.0	10000000000.0	21600.0	3.666144957342136e-05	0.0005416397408978476	0.0011964354560544674
67	1h	140000000000.0	10000000000.0	18000.0	0.00012981157644466898	0.0010866798729443187	0.0020732437166464585
68	1h	140000000000.0	10000000000.0	14400.0	0.00037602801914609577	0.001433802617114056	0.003142275531053615
69	1h	140000000000.0	10000000000.0	10800.0	0.0011583906466206923	0.0030647994569445365	0.005215806734092071
70	1h	140000000000.0	10000000000.0	7200.0	0.004092604170814203	0.007002539540147968	0.010713281307437757
71	1h	140000000000.0	10000000000.0	3600.0	0.016800795622483933	0.025140232979638723	0.0335096960062821
72	1h	130000000000.0	10000000000.0	86400.0	0.0002444488431079201	0.0002466198419218983	0.00038127277774157957
73	1h	130000000000.0	10000000000.0	82800.0	0.00024929358971572334	5.6156558788296256e-05	0.0005668678609834595
74	1h	130000000000.0	10000000000.0	79200.0	0.00022273132476473604	-1.7350302869128718e-05	0.00024880233008711086
75	1h	130000000000.0	10000000000.0	75600.0	0.000200797437413536	-0.00021961269006116066	0.0005797996942129482
76	1h	130000000000.0	10000000000.0	72000.0	0.00019136272656337678	-6.520470212362185e-05	0.00035112556056705446
77	1h	130000000000.0	10000000000.0	68400.0	0.0001877504772891368	0.00017083255269031798	0.0006518225246068699
78	1h	130000000000.0	10000000000.0	64800.0	0.00014348229337790563	-0.00019637260202119906	0.0005690928774676303
79	1h	130000000000.0	10000000000.0	61200.0	0.00013003256946858858	1.3286760285954467e-05	0.0005657977977055781
80	1h	130000000000.0	10000000000.0	57600.0	8.109453784072799e-05	0.00023385403089358936	0.0005086161437740939
81	1h	130000000000.0	10000000000.0	54000.0	7.160625142669142e-05	0.00018452685102222813	0.000522238378646504
82	1h	130000000000.0	10000000000.0	50400.0	3.472417905385733e-05	0.00015419018467676402	0.00045849835974351785
83	1h	130000000000.0	10000000000.0	46800.0	-1.0761302688117925e-05	-0.0002392129037859798	0.0005881065965156328
84	1h	130000000000.0	10000000000.0	43200.0	-1.4911038032864015e-05	0.000207435730235462	0.0005949240685080162
85	1h	130000000000.0	10000000000.0	39600.0	-8.647207146044095e-05	8.273186597909264e-05	0.0008260147599753037
86	1h	130000000000.0	10000000000.0	36000.0	-9.856531396920264e-05	0.0002906291071435175	0.0008167507055873617
87	1h	130000000000.0	10000000000.0	32400.0	-0.00011416493508185379	0.00038186778605986816	0.0009230252962713103
88	1h	130000000000.0	10000000000.0	28800.0	-8.618538545189427e-05	0.00021055380619900777	0.0012789213984056383
89	1h	130000000000.0	10000000000.0	25200.0	0.0001081297565727671	0.0007402675521018078	0.0016557429058385593
90	1h	130000000000.0	10000000000.0	21600.0	8.903748253296989e-06	0.0007379363137933043	0.0018709254230408782
91	1h	130000000000.0	10000000000.0	18000.0	0.0003673923146316465	0.0014249194683808358	0.002752918993388251
92	1h	130000000000.0	10000000000.0	14400.0	0.0004987822193784337	0.0023220017194241333	0.004397102128629593
93	1h	130000000000.0	10000000000.0	10800.0	0.002122582569598127	0.0040885450821767635	0.006375758341831964
94	1h	130000000000.0	10000000000.0	7200.0	0.004661465856824341	0.008555047174901695	0.013131015637635935
95	1h	130000000000.0	10000000000.0	3600.0	0.02364170080858599	0.0331108648514643	0.04302553669510863
96	1h	120000000000.0	10000000000.0	86400.0	0.00024525536079112316	0.0002818047331122315	0.0004780900837128801
97	1h	120000000000.0	10000000000.0	82800.0	0.00025255017387045995	0.00036689468422724733	0.0007974701367711317
98	1h	120000000000.0	10000000000.0	79200.0	0.00023047350744998527	3.57135099020205e-05	0.0005587203179173142
99	1h	120000000000.0	10000000000.0	75600.0	0.0002004762682258488	0.0002841383265379414	0.0006926305962373632
100	1h	120000000000.0	10000000000.0	72000.0	0.00018118590009459038	0.00011889498734173097	0.0006553555351085062
101	1h	120000000000.0	10000000000.0	68400.0	0.00014381924398238172	-9.008129601276529e-05	0.0006241178335888843
102	1h	120000000000.0	10000000000.0	64800.0	0.00013606067534604192	-0.0003970771241721779	0.0005706785811971696
103	1h	120000000000.0	10000000000.0	61200.0	0.00015154981916345566	8.211417450747953e-05	0.0007834600663701794
104	1h	120000000000.0	10000000000.0	57600.0	8.666122596476071e-05	-0.0002235360467688157	0.0005535816904322265
105	1h	120000000000.0	10000000000.0	54000.0	7.236626952460547e-05	0.00028122460880700226	0.0007111588207849072
106	1h	120000000000.0	10000000000.0	50400.0	2.2084600808835206e-05	0.0003160121120417798	0.0008292325536168177
107	1h	120000000000.0	10000000000.0	46800.0	4.034192426646431e-05	-2.9220057120518976e-05	0.0008110314535898304
108	1h	120000000000.0	10000000000.0	43200.0	2.3641162359358948e-05	0.0003692047480991922	0.0009507995177393353
109	1h	120000000000.0	10000000000.0	39600.0	-1.913345147247134e-05	0.0004867688091398071	0.0011716723524179697
110	1h	120000000000.0	10000000000.0	36000.0	-4.8028530752479816e-05	0.0005189157606796307	0.0011747102447279708
111	1h	120000000000.0	10000000000.0	32400.0	-3.937726980276319e-05	0.0005754953067864639	0.001390202590082137
112	1h	120000000000.0	10000000000.0	28800.0	3.994629975933694e-05	0.0005517667833623543	0.0019726788794198185
113	1h	120000000000.0	10000000000.0	25200.0	1.4438730007451704e-05	0.0008787948878166026	0.0021019063095107267
114	1h	120000000000.0	10000000000.0	21600.0	0.00018640437934934278	0.0011815127909038986	0.002736004501725127
115	1h	120000000000.0	10000000000.0	18000.0	0.0008464858659148341	0.0021309738269060666	0.0033771847193775186
116	1h	120000000000.0	10000000000.0	14400.0	0.0010464595547564051	0.0029887219373987534	0.004923631545142522
117	1h	120000000000.0	10000000000.0	10800.0	0.0034569059543581113	0.0055764816534044255	0.008153868108476516
118	1h	120000000000.0	10000000000.0	7200.0	0.007118912957587284	0.012192552042456553	0.01669014178911405
119	1h	120000000000.0	10000000000.0	3600.0	0.02682171454605025	0.03934651608457497	0.049607835001909434
120	1h	110000000000.0	10000000000.0	86400.0	0.00018738899017930902	-0.00010296897940424525	0.0007726722218064522
121	1h	110000000000.0	10000000000.0	82800.0	0.0001512172447117523	7.336024386468383e-05	0.0006147605721677772
122	1h	110000000000.0	10000000000.0	79200.0	0.0001401496718674292	0.0002170491075784122	0.0006173247616556521
123	1h	110000000000.0	10000000000.0	75600.0	0.00011608270861716472	9.198074381959324e-05	0.000489267801051064
124	1h	110000000000.0	10000000000.0	72000.0	0.0001365396490429023	0.00023945405816191458	0.000693655806327777
125	1h	110000000000.0	10000000000.0	68400.0	0.000146446456736335	0.00022067990148738907	0.0005643615915533158
126	1h	110000000000.0	10000000000.0	64800.0	7.464851633827993e-05	-0.00018168780644899898	0.0005383697938371486
127	1h	110000000000.0	10000000000.0	61200.0	3.20633984566618e-05	-0.00010826932483646342	0.0005252484395092995
128	1h	110000000000.0	10000000000.0	57600.0	1.537514568596501e-05	0.00023419836402172403	0.0006272941274614888
129	1h	110000000000.0	10000000000.0	54000.0	2.8914821908027533e-05	0.0002647202366150549	0.0006733537167339478
130	1h	110000000000.0	10000000000.0	50400.0	-3.6728633168774116e-05	-0.0002827028616774025	0.0005591562253142045
131	1h	110000000000.0	10000000000.0	46800.0	-9.855147785302624e-05	0.0002500619309800808	0.0006912669292303464
132	1h	110000000000.0	10000000000.0	43200.0	4.3669600157200824e-05	0.0001730032128134109	0.000877922946737372
133	1h	110000000000.0	10000000000.0	39600.0	-0.00010301149039403307	0.00019486333749106524	0.00098356705150106
134	1h	110000000000.0	10000000000.0	36000.0	-0.00012712078057754855	0.00047696528540858694	0.0013303449197375019
135	1h	110000000000.0	10000000000.0	32400.0	-1.1705197814466071e-07	0.000533671514230769	0.0011796889592092534
136	1h	110000000000.0	10000000000.0	28800.0	1.20175567742566e-05	0.0008945120276831163	0.002104321238887823
137	1h	110000000000.0	10000000000.0	25200.0	-3.5276335721478496e-05	0.0007178135314728242	0.0019225381400496027
138	1h	110000000000.0	10000000000.0	21600.0	0.0002570971133047063	0.0013095841950059549	0.003051648885261454
139	1h	110000000000.0	10000000000.0	18000.0	0.0009265249989379729	0.001991552971683035	0.003129861577611662
140	1h	110000000000.0	10000000000.0	14400.0	0.0013279472617316837	0.0034316511614064906	0.006151014187806019
141	1h	110000000000.0	10000000000.0	10800.0	0.0034338711813200395	0.006284237065866648	0.009574679399219573
142	1h	110000000000.0	10000000000.0	7200.0	0.008495647967472302	0.012622010661262891	0.01720398151548849
143	1h	110000000000.0	10000000000.0	3600.0	0.029274114899874172	0.04097833671114948	0.053652383918921784
144	1h	100000000000.0	10000000000.0	86400.0	0.00015317450933272309	7.237494343892859e-06	0.0006222456233930436
145	1h	100000000000.0	10000000000.0	82800.0	9.517942179041112e-05	2.4826214942662555e-06	0.0005359224104318091
146	1h	100000000000.0	10000000000.0	79200.0	0.00012048054839895929	0.0002384779834607543	0.0006229149823369028
147	1h	100000000000.0	10000000000.0	75600.0	4.680842307925703e-05	-0.00036310751819895563	0.00048286479202983717
148	1h	100000000000.0	10000000000.0	72000.0	3.849563384592219e-05	-5.113660044645408e-05	0.0006036280214422204
149	1h	100000000000.0	10000000000.0	68400.0	-6.045663915569535e-06	0.0001371816837172496	0.0005476775030754469
150	1h	100000000000.0	10000000000.0	64800.0	-4.5055863369007805e-05	-7.826686577750634e-05	0.0005037501968848205
151	1h	100000000000.0	10000000000.0	61200.0	-2.952062965310158e-05	-9.591215959851537e-05	0.0005794785891309552
152	1h	100000000000.0	10000000000.0	57600.0	-5.862119889814331e-05	0.0001272266522431883	0.0006480372576090279
153	1h	100000000000.0	10000000000.0	54000.0	-8.922921191663314e-05	-7.689564122180927e-05	0.0006049382086973244
154	1h	100000000000.0	10000000000.0	50400.0	-0.00010256627029931375	0.00010789555015510148	0.0004523844571907034
155	1h	100000000000.0	10000000000.0	46800.0	-0.00015047045982052236	0.0002256203121022575	0.000860101936726835
156	1h	100000000000.0	10000000000.0	43200.0	-0.00017814913969214907	5.714726494495184e-05	0.000816912363361468
157	1h	100000000000.0	10000000000.0	39600.0	-0.00015481490561455446	0.00011528623477152712	0.0011589242246825395
158	1h	100000000000.0	10000000000.0	36000.0	-0.0001461714560420604	0.00016907061799273718	0.0010328371297319268
159	1h	100000000000.0	10000000000.0	32400.0	-0.00014920145497994061	0.0005708000978877829	0.001587607265157018
160	1h	100000000000.0	10000000000.0	28800.0	-0.00010188703467106089	0.000556411156817009	0.001406493640209883
161	1h	100000000000.0	10000000000.0	25200.0	0.00010212223064543034	0.0011256361193330187	0.002270214439971512
162	1h	100000000000.0	10000000000.0	21600.0	0.0003722521901784804	0.0014676798695255015	0.0029306948303770945
163	1h	100000000000.0	10000000000.0	18000.0	0.0003607710230519249	0.0019886523125828646	0.0037397544862629484
164	1h	100000000000.0	10000000000.0	14400.0	0.0014693039254544521	0.003711452780337998	0.0058862585897034025
165	1h	100000000000.0	10000000000.0	10800.0	0.002937095537831656	0.005765215783635439	0.008716723375762642
166	1h	100000000000.0	10000000000.0	7200.0	0.009035929718573836	0.013829136665519742	0.019803808758862663
167	1h	100000000000.0	10000000000.0	3600.0	0.035339540740341145	0.04700863613574157	0.060287940863683116
168	1h	90000000000.0	10000000000.0	86400.0	3.7672423118963465e-05	0.0001588111799942615	0.0005477248143115174
169	1h	90000000000.0	10000000000.0	82800.0	1.9591055765724296e-05	-0.00043893951466065107	0.00034080545835193856
170	1h	90000000000.0	10000000000.0	79200.0	2.3606290817803884e-05	-0.00023124612733727587	0.0005832202106342435
171	1h	90000000000.0	10000000000.0	75600.0	1.7622846589731222e-05	0.00016509264277910093	0.0006510736702514052
172	1h	90000000000.0	10000000000.0	72000.0	2.9905468535636496e-06	0.00012041215517440487	0.0004771536977077193
173	1h	90000000000.0	10000000000.0	68400.0	-3.327231813341847e-05	0.00012387517199871937	0.0005146762901013732
174	1h	90000000000.0	10000000000.0	64800.0	-9.934695989354566e-05	-0.0001391196815398424	0.0005402174779244908
175	1h	90000000000.0	10000000000.0	61200.0	-0.00010118118878183391	-6.804669881205e-05	0.0006737707481294168
176	1h	90000000000.0	10000000000.0	57600.0	-0.00011446726731239481	-9.185693549938322e-05	0.0005312299062129697
177	1h	90000000000.0	10000000000.0	54000.0	-0.00019802751894221768	-3.94803489889141e-05	0.0006062740731146376
178	1h	90000000000.0	10000000000.0	50400.0	-0.0001703277444345954	0.0001864322948808971	0.0008028868221470684
179	1h	90000000000.0	10000000000.0	46800.0	-0.0002128956562036982	9.490411727193547e-05	0.001034531597719372
180	1h	90000000000.0	10000000000.0	43200.0	-0.00017330496571967805	0.00010510792273311334	0.0008185743266640381
181	1h	90000000000.0	10000000000.0	39600.0	-0.0002865844026331397	6.943523133084214e-05	0.00101770341627951
182	1h	90000000000.0	10000000000.0	36000.0	-0.00017154627280393413	0.0005647040343668729	0.0016234173533669835
183	1h	90000000000.0	10000000000.0	32400.0	-0.0002838131861611976	0.00040726854484237295	0.0013927590574841341
184	1h	90000000000.0	10000000000.0	28800.0	-0.00012194709750715954	0.000896870977825738	0.0024235329161033216
185	1h	90000000000.0	10000000000.0	25200.0	-8.542038544074237e-06	0.0011517380959886329	0.0024450791920287815
186	1h	90000000000.0	10000000000.0	21600.0	0.0003874500989825315	0.0014084755638637842	0.0031076159750490348
187	1h	90000000000.0	10000000000.0	18000.0	0.0008392467029060798	0.0024358304173745307	0.004014632729462675
188	1h	90000000000.0	10000000000.0	14400.0	0.0017734069550147114	0.0040112995177034975	0.006768630988307716
189	1h	90000000000.0	10000000000.0	10800.0	0.004114062168568803	0.008009811686426964	0.011485506690134737
190	1h	90000000000.0	10000000000.0	7200.0	0.01202208861657537	0.01711727743834233	0.023777035758120048
191	1h	90000000000.0	10000000000.0	3600.0	0.03675077346383137	0.053534054087061474	0.06672909176517049
192	1h	80000000000.0	10000000000.0	86400.0	2.5743594574470442e-05	3.658044612566726e-05	0.000934113330667323
193	1h	80000000000.0	10000000000.0	82800.0	1.5818268749412878e-05	0.00021040969113644565	0.000790979984765753
194	1h	80000000000.0	10000000000.0	79200.0	-7.623162659558028e-06	0.00032429840788777324	0.0010024542355095054
195	1h	80000000000.0	10000000000.0	75600.0	-2.1858983994435283e-05	1.3577217162870987e-05	0.0007963045225091946
196	1h	80000000000.0	10000000000.0	72000.0	-3.7065188219449654e-05	0.00027524379400875284	0.001112773767893846
197	1h	80000000000.0	10000000000.0	68400.0	-8.790636149374884e-05	-0.000251024691278725	0.0008688029221759245
198	1h	80000000000.0	10000000000.0	64800.0	-7.740872715494027e-05	-0.00022970053776002802	0.0008533296915943584
199	1h	80000000000.0	10000000000.0	61200.0	-0.00010416672774567101	0.00027230432035365757	0.0009051358976950288
200	1h	80000000000.0	10000000000.0	57600.0	-0.00011617173788629914	0.00034787964299484047	0.0009670241534848325
201	1h	80000000000.0	10000000000.0	54000.0	-0.00019454253800459624	0.0003675309665735413	0.0008938644948912947
202	1h	80000000000.0	10000000000.0	50400.0	-0.00015593628035928534	-2.226588131000115e-05	0.0010467469804367948
203	1h	80000000000.0	10000000000.0	46800.0	-0.00017095312246849178	9.009751021071865e-05	0.00149247640781887
204	1h	80000000000.0	10000000000.0	43200.0	-0.0001082668659841328	0.0005321121052586895	0.0019866322528168962
205	1h	80000000000.0	10000000000.0	39600.0	-0.00020087384634635917	0.0003780425606577419	0.0021372646038942096
206	1h	80000000000.0	10000000000.0	36000.0	-2.4540067978977894e-06	0.0010011817873857584	0.0019656033485746013
207	1h	80000000000.0	10000000000.0	32400.0	-7.272185432897994e-06	0.0008420103093203016	0.002454396025945072
208	1h	80000000000.0	10000000000.0	28800.0	1.8018826974639012e-06	0.0014550026642545183	0.0034071869306980355
209	1h	80000000000.0	10000000000.0	25200.0	0.0004578114210815596	0.0016071974052599342	0.0037571324227312014
210	1h	80000000000.0	10000000000.0	21600.0	0.0008758719329795641	0.002688520795129462	0.0053777861261007824
211	1h	80000000000.0	10000000000.0	18000.0	0.0015243046012300661	0.004567219531295488	0.007417413226242522
212	1h	80000000000.0	10000000000.0	14400.0	0.0025200458580492023	0.006565994853960642	0.010780936232980366
213	1h	80000000000.0	10000000000.0	10800.0	0.00675246288886169	0.011512678067069479	0.01736487761190817
214	1h	80000000000.0	10000000000.0	7200.0	0.017121032398357366	0.024411368593958028	0.03330092770647731
215	1h	80000000000.0	10000000000.0	3600.0	0.0506550626930681	0.06866039068296276	0.08722078080032093
216	1h	70000000000.0	10000000000.0	86400.0	-6.389520237902934e-05	-0.00010853931662765958	0.0008619285827241713
217	1h	70000000000.0	10000000000.0	82800.0	-5.766776361791783e-05	0.0001146448727697817	0.0005043817793763277
218	1h	70000000000.0	10000000000.0	79200.0	-9.192719554016604e-05	0.0002385434951613771	0.0008341130320771601
219	1h	70000000000.0	10000000000.0	75600.0	-7.799070572731394e-05	-0.0002461422022195448	0.0007385987290188462
220	1h	70000000000.0	10000000000.0	72000.0	-0.00010623638118278163	0.00023339447733550516	0.0008118888103257312
221	1h	70000000000.0	10000000000.0	68400.0	-0.0001303227960365825	-0.00017961753773377079	0.0008388302614620067
222	1h	70000000000.0	10000000000.0	64800.0	-0.00017815934651528684	-0.00014398562594333483	0.0008973675005978698
223	1h	70000000000.0	10000000000.0	61200.0	-0.00019264329354511263	-0.00033327457652927695	0.0011161493886161686
224	1h	70000000000.0	10000000000.0	57600.0	-0.0002470172676965261	-0.00019164591159640085	0.0009137955709949148
225	1h	70000000000.0	10000000000.0	54000.0	-0.00022751156608081656	3.9757327185728454e-05	0.0010811403643127973
226	1h	70000000000.0	10000000000.0	50400.0	-0.0002667589579873046	6.913202091076158e-05	0.0010584378461747073
227	1h	70000000000.0	10000000000.0	46800.0	-0.0002036678266327073	0.0005115584620814608	0.0013618788822390773
228	1h	70000000000.0	10000000000.0	43200.0	-0.00026021504238436094	0.0003901417651702571	0.001282473530696966
229	1h	70000000000.0	10000000000.0	39600.0	-0.00014296572847349647	-3.569164169797321e-05	0.001942635072470999
230	1h	70000000000.0	10000000000.0	36000.0	-0.0001598198604673409	0.0011030901908100218	0.002797632498497348
231	1h	70000000000.0	10000000000.0	32400.0	-1.1509449503803362e-05	0.0013613282117437688	0.0034948966189889893
232	1h	70000000000.0	10000000000.0	28800.0	0.0005209818454008795	0.00162073734521622	0.004365538160314454
233	1h	70000000000.0	10000000000.0	25200.0	0.00026980105595130074	0.0020826127080275257	0.003974481727600171
234	1h	70000000000.0	10000000000.0	21600.0	0.0011545280980617433	0.002971018580179655	0.005534158091356246
235	1h	70000000000.0	10000000000.0	18000.0	0.0013980975418259095	0.004630555565734758	0.00858343479761395
236	1h	70000000000.0	10000000000.0	14400.0	0.003648275997678926	0.007170668820768009	0.011537236328581987
237	1h	70000000000.0	10000000000.0	10800.0	0.007772765738131852	0.013319497144563045	0.019029355169331352
238	1h	70000000000.0	10000000000.0	7200.0	0.01922607322761612	0.027722450963372416	0.038092487170469036
239	1h	70000000000.0	10000000000.0	3600.0	0.060577037996256355	0.07621770670528723	0.09204199165227692
240	1h	60000000000.0	10000000000.0	86400.0	-3.9116649912477686e-05	0.0003449933589075414	0.001205682597336561
241	1h	60000000000.0	10000000000.0	82800.0	-8.425370045590796e-05	0.00011881291883022202	0.0013845892910035198
242	1h	60000000000.0	10000000000.0	79200.0	-8.891477483167045e-05	-3.0647470629897866e-05	0.0013584922430815729
243	1h	60000000000.0	10000000000.0	75600.0	-8.052804691250157e-05	0.0004545991194072308	0.0014550055594438416
244	1h	60000000000.0	10000000000.0	72000.0	-0.0001318294923268609	0.0001105236837320397	0.0013678552688924663
245	1h	60000000000.0	10000000000.0	68400.0	-0.00011458268398834086	0.0001104072168516409	0.0016231483452396856
246	1h	60000000000.0	10000000000.0	64800.0	-9.925199589445893e-05	0.0003912199158712087	0.001379251544602899
247	1h	60000000000.0	10000000000.0	61200.0	-8.647501254261015e-05	0.0003582658087778149	0.0021601029580418304
248	1h	60000000000.0	10000000000.0	57600.0	-0.00012364057016506994	0.0002136633131840078	0.0015617923929988112
249	1h	60000000000.0	10000000000.0	54000.0	-0.00016647723902307499	0.0003024792669302817	0.002016829557740906
250	1h	60000000000.0	10000000000.0	50400.0	-0.00010934410388337482	0.00044504912008533695	0.0023047209519657507
251	1h	60000000000.0	10000000000.0	46800.0	-0.00024031694554544806	0.0006726585453131146	0.003027765158189151
252	1h	60000000000.0	10000000000.0	43200.0	2.3667456847355412e-05	0.0015569342723715047	0.003229602922055068
253	1h	60000000000.0	10000000000.0	39600.0	1.6390745018198634e-06	0.0015001778408763274	0.003103712215498073
254	1h	60000000000.0	10000000000.0	36000.0	5.169656199353499e-05	0.0017171794734091883	0.004471174065738136
255	1h	60000000000.0	10000000000.0	32400.0	0.00030599120812580525	0.002366122892244204	0.005524034755337925
256	1h	60000000000.0	10000000000.0	28800.0	0.0008591494280544391	0.003467204817385875	0.007773362585387111
257	1h	60000000000.0	10000000000.0	25200.0	0.0012641237694565892	0.0038705277969205173	0.007179531754685976
258	1h	60000000000.0	10000000000.0	21600.0	0.0021411433237606197	0.0047369153890637035	0.0083418462129417
259	1h	60000000000.0	10000000000.0	18000.0	0.0033354884367901433	0.007272488739811758	0.0116186547143051
260	1h	60000000000.0	10000000000.0	14400.0	0.006462823252598441	0.011295007308056533	0.018149660899155318
261	1h	60000000000.0	10000000000.0	10800.0	0.011725572109110342	0.01878622615439573	0.02532196830362647
262	1h	60000000000.0	10000000000.0	7200.0	0.02350319363562772	0.03595955959070509	0.05086109939547308
263	1h	60000000000.0	10000000000.0	3600.0	0.07819254052877249	0.10179944590142463	0.13101544367951623
264	1h	50000000000.0	10000000000.0	86400.0	-0.00010971254191996326	-0.0003032952105200342	0.0014308682773610882
265	1h	50000000000.0	10000000000.0	82800.0	-8.223675978223736e-05	0.00026685523125713386	0.0014018344198128572
266	1h	50000000000.0	10000000000.0	79200.0	-0.0001656705015737737	1.5843231786314945e-05	0.0018184943283489489
267	1h	50000000000.0	10000000000.0	75600.0	-0.0001558057772246185	0.000597858447706198	0.0016796539368867836
268	1h	50000000000.0	10000000000.0	72000.0	-0.0001696187153235201	0.00014624489144206341	0.0018415347781960646
269	1h	50000000000.0	10000000000.0	68400.0	-0.0001565953711748388	0.00021254620218016506	0.0020328632609513415
270	1h	50000000000.0	10000000000.0	64800.0	-0.0001342693227239988	0.00013487743563422058	0.0019670315442535573
271	1h	50000000000.0	10000000000.0	61200.0	-0.00015469873020734645	0.000860590156476952	0.003117730064715772
272	1h	50000000000.0	10000000000.0	57600.0	-0.0002150127405539182	0.0004892924518918693	0.0023799346227272814
273	1h	50000000000.0	10000000000.0	54000.0	7.587683949125278e-05	0.0010592569965008876	0.0021813957874179096
274	1h	50000000000.0	10000000000.0	50400.0	-0.00017775485074737936	0.0008883846914288899	0.0033078762671567103
275	1h	50000000000.0	10000000000.0	46800.0	0.00017286083875029236	0.0010755569459899238	0.0030920636553772012
276	1h	50000000000.0	10000000000.0	43200.0	8.125735799066494e-05	0.001976368367584855	0.005196144803860387
277	1h	50000000000.0	10000000000.0	39600.0	0.0002683483115028405	0.0020478065724626356	0.0052752060522906685
278	1h	50000000000.0	10000000000.0	36000.0	0.000452872233170136	0.0026899654788441613	0.005277565353607793
279	1h	50000000000.0	10000000000.0	32400.0	0.0004735210264818104	0.0029449807380924255	0.005558140882526427
280	1h	50000000000.0	10000000000.0	28800.0	0.000872748802585616	0.003798356061472854	0.0071255247269283095
281	1h	50000000000.0	10000000000.0	25200.0	0.0017905088275443942	0.005362542218851006	0.008869509835939843
282	1h	50000000000.0	10000000000.0	21600.0	0.0029001025749720763	0.00685107065748357	0.01090983669976321
283	1h	50000000000.0	10000000000.0	18000.0	0.005019317203070072	0.009535843443879977	0.01455795566685826
284	1h	50000000000.0	10000000000.0	14400.0	0.007958898093397207	0.013726113588569937	0.02084359406805465
285	1h	50000000000.0	10000000000.0	10800.0	0.013954393232200863	0.024610749191900927	0.03572920364159448
286	1h	50000000000.0	10000000000.0	7200.0	0.030275436244898066	0.04724457806952346	0.0659524913718976
287	1h	50000000000.0	10000000000.0	3600.0	0.08743549721894263	0.11839658151097182	0.14855985000450603
288	1h	40000000000.0	10000000000.0	86400.0	-0.0001281360644557671	0.00019973702584901516	0.0025082161072345387
289	1h	40000000000.0	10000000000.0	82800.0	-0.00019274706394937819	0.00041336856125138467	0.0024156299970880153
290	1h	40000000000.0	10000000000.0	79200.0	-4.1866979982527306e-05	0.0006344126184535165	0.002620288175267301
291	1h	40000000000.0	10000000000.0	75600.0	-0.00013178337073084658	8.844742622977106e-05	0.002248253239315685
292	1h	40000000000.0	10000000000.0	72000.0	-8.633065056851943e-05	0.0005342357318357392	0.00384446898235601
293	1h	40000000000.0	10000000000.0	68400.0	-9.110091324774066e-05	0.0007566245325009214	0.0026736873712821527
294	1h	40000000000.0	10000000000.0	64800.0	-0.00019832182249527377	0.0011020171602520428	0.0037988613107151565
295	1h	40000000000.0	10000000000.0	61200.0	2.7345817342185703e-05	0.0005831923105050348	0.0027979393578867126
296	1h	40000000000.0	10000000000.0	57600.0	0.00015337310099307441	0.0005737325894839581	0.003557339075456901
297	1h	40000000000.0	10000000000.0	54000.0	9.784994959175441e-05	0.001553641479257409	0.005073755513145129
298	1h	40000000000.0	10000000000.0	50400.0	0.00020530371336620356	0.0022672813116452082	0.005375710314608124
299	1h	40000000000.0	10000000000.0	46800.0	0.00016857981043535422	0.0022618517136677604	0.005808844981743368
300	1h	40000000000.0	10000000000.0	43200.0	0.0004137826045818847	0.0024541567549968162	0.0053817712216089565
301	1h	40000000000.0	10000000000.0	39600.0	0.000697907331522569	0.0033129062617779214	0.006220998545955692
302	1h	40000000000.0	10000000000.0	36000.0	0.001343739180830599	0.003511330131825805	0.007267624069914112
303	1h	40000000000.0	10000000000.0	32400.0	0.0016576040125676592	0.004595628389402575	0.00882121032941919
304	1h	40000000000.0	10000000000.0	28800.0	0.0016999737389436173	0.006421182447097625	0.011895172294976398
305	1h	40000000000.0	10000000000.0	25200.0	0.003103080560414859	0.006684253878653177	0.01258533578392811
306	1h	40000000000.0	10000000000.0	21600.0	0.0044761084843153885	0.01029398734628755	0.01757697922136823
307	1h	40000000000.0	10000000000.0	18000.0	0.0072467531668716405	0.014902278830163542	0.024002767651834143
308	1h	40000000000.0	10000000000.0	14400.0	0.011514499094093465	0.02087415550266253	0.030923217244813627
309	1h	40000000000.0	10000000000.0	10800.0	0.023678508585655893	0.03540694956931189	0.04695645190398494
310	1h	40000000000.0	10000000000.0	7200.0	0.044237104808282204	0.06310728851459846	0.08450205425657688
311	1h	40000000000.0	10000000000.0	3600.0	0.11246695920136072	0.1402322614445306	0.16660778143122779
312	Daly	160000000000.0	10000000000.0	86400.0	3.5501646569647985e-06	3.106424590282951e-05	2.0617627802293234e-05
313	Daly	160000000000.0	10000000000.0	82800.0	2.7427024694564326e-06	1.06495744864326e-05	1.3713679495044699e-05
314	Daly	160000000000.0	10000000000.0	79200.0	2.7180164660375687e-06	-8.952291497239925e-06	2.0511335041127892e-05
315	Daly	160000000000.0	10000000000.0	75600.0	2.013415180185461e-06	3.046986719133386e-06	2.8609874245459253e-05
316	Daly	160000000000.0	10000000000.0	72000.0	2.1783308242784316e-06	2.571093656546648e-05	2.3581295381094696e-05
317	Daly	160000000000.0	10000000000.0	68400.0	1.5522270971295821e-06	5.395760260061086e-05	3.1178363428850306e-05
318	Daly	160000000000.0	10000000000.0	64800.0	3.537230303198675e-06	4.728384733494783e-05	5.700255118726782e-05
319	Daly	160000000000.0	10000000000.0	61200.0	1.1397820479969623e-06	1.6421273409881782e-05	6.650574538731731e-05
320	Daly	160000000000.0	10000000000.0	57600.0	5.892263084090229e-06	5.215225988113817e-05	5.3366503084072126e-05
321	Daly	160000000000.0	10000000000.0	54000.0	4.35643547131169e-06	0.00011600198391713008	0.00044696692104223437
322	Daly	160000000000.0	10000000000.0	50400.0	-5.90443132137856e-07	7.1840018910267005e-06	4.8367220275681545e-05
323	Daly	160000000000.0	10000000000.0	46800.0	6.930486575833488e-07	6.117781242255793e-05	9.73647600102706e-05
324	Daly	160000000000.0	10000000000.0	43200.0	1.1093264562244586e-05	9.083647751250193e-05	0.0011728160135806255
325	Daly	160000000000.0	10000000000.0	39600.0	2.667525345959748e-06	7.775215471807456e-05	5.622165614168457e-05
326	Daly	160000000000.0	10000000000.0	36000.0	2.267806482217832e-05	9.604564542334477e-05	0.0007885141523062914
327	Daly	160000000000.0	10000000000.0	32400.0	9.446011471910963e-06	6.95365536912216e-05	3.137421664238375e-05
328	Daly	160000000000.0	10000000000.0	28800.0	1.2365258451474924e-05	0.0001469263360521913	7.730470043450558e-05
329	Daly	160000000000.0	10000000000.0	25200.0	3.370417236836726e-05	0.00013661239411482957	0.0005063635314523879
330	Daly	160000000000.0	10000000000.0	21600.0	5.080234677359711e-05	0.0002947922985708231	0.00035595032148147193
331	Daly	160000000000.0	10000000000.0	18000.0	9.718087164518153e-05	0.00016903939105329625	0.00024175707704180089
332	Daly	160000000000.0	10000000000.0	14400.0	0.00013854095356988195	0.00048518650128352063	0.0008094685187326946
333	Daly	160000000000.0	10000000000.0	10800.0	0.000282239268189039	0.0007938987527138612	0.0012332425133156906
334	Daly	160000000000.0	10000000000.0	7200.0	0.0010446854208358573	0.0019181509983214784	0.0027285685966308205
335	Daly	160000000000.0	10000000000.0	3600.0	0.009262831288605573	0.01556721941009497	0.021093685784744153
336	Daly	150000000000.0	10000000000.0	86400.0	2.6550490564348117e-06	7.205714946987476e-05	4.2088697765330996e-05
337	Daly	150000000000.0	10000000000.0	82800.0	7.943671170078609e-07	6.489541954437809e-05	3.235665469418806e-05
338	Daly	150000000000.0	10000000000.0	79200.0	1.7135699767362482e-06	7.393687298012613e-05	4.5340590552151366e-05
339	Daly	150000000000.0	10000000000.0	75600.0	5.504599026748378e-06	3.634948476527526e-05	6.539050634738028e-05
340	Daly	150000000000.0	10000000000.0	72000.0	1.6822812060152082e-06	0.00010058253994228088	0.0001365443994301837
341	Daly	150000000000.0	10000000000.0	68400.0	2.7099507456820426e-06	8.02649719504378e-05	9.828455840180941e-05
342	Daly	150000000000.0	10000000000.0	64800.0	4.6015178799919476e-07	7.676025577200616e-05	0.0004919651754827351
343	Daly	150000000000.0	10000000000.0	61200.0	-2.493161325796585e-07	6.785777553114489e-05	7.210418605179054e-05
344	Daly	150000000000.0	10000000000.0	57600.0	3.0209754130534503e-06	7.213915293484896e-05	0.00011267384402531544
345	Daly	150000000000.0	10000000000.0	54000.0	5.652287721518383e-06	3.761195419866708e-05	7.433308678183806e-05
346	Daly	150000000000.0	10000000000.0	50400.0	3.731845202102651e-06	7.652661417247784e-05	0.000134657474397679
347	Daly	150000000000.0	10000000000.0	46800.0	-1.3075838949729056e-06	0.00013404287768197003	0.0005096914489682828
348	Daly	150000000000.0	10000000000.0	43200.0	6.761639209089995e-06	0.00012850022346727017	0.0012564739342794894
349	Daly	150000000000.0	10000000000.0	39600.0	-7.969777541595485e-07	9.190910239185529e-05	0.00043246692830516326
350	Daly	150000000000.0	10000000000.0	36000.0	4.817052302641064e-06	0.00010850531494824268	0.0011379257038062192
351	Daly	150000000000.0	10000000000.0	32400.0	1.2718032951430426e-05	7.305351400351944e-05	3.130001341495464e-05
352	Daly	150000000000.0	10000000000.0	28800.0	3.958171421205496e-06	0.0001233177971654753	0.0009781873899083909
353	Daly	150000000000.0	10000000000.0	25200.0	3.572239436994292e-06	0.00010184933168742557	6.0508751246430865e-05
354	Daly	150000000000.0	10000000000.0	21600.0	7.61237428612946e-05	0.00037659475279401306	0.00048387250117296575
355	Daly	150000000000.0	10000000000.0	18000.0	6.2864193156856e-05	0.0003380403606815977	0.0003965368659440147
356	Daly	150000000000.0	10000000000.0	14400.0	0.00018778583442657893	0.0004760931728467453	0.001048239460710891
357	Daly	150000000000.0	10000000000.0	10800.0	0.00042229337543028746	0.0010522282819050298	0.001735961536366583
358	Daly	150000000000.0	10000000000.0	7200.0	0.0015930475963898464	0.002488761777858295	0.0030771739902070647
359	Daly	150000000000.0	10000000000.0	3600.0	0.011303489630837587	0.01918621675982799	0.025475698875871207
360	Daly	140000000000.0	10000000000.0	86400.0	4.459438060152232e-06	4.308291112282175e-05	3.17421474200035e-05
361	Daly	140000000000.0	10000000000.0	82800.0	2.7369068167398987e-06	5.177031202466056e-05	1.7259044290237648e-05
362	Daly	140000000000.0	10000000000.0	79200.0	3.950488552567665e-07	9.475903904274005e-05	6.9384077549274e-05
363	Daly	140000000000.0	10000000000.0	75600.0	3.0582417441158923e-06	7.36768312473914e-05	0.00010907422017398215
364	Daly	140000000000.0	10000000000.0	72000.0	1.2751056823811038e-06	7.3838908381411e-05	7.15367474513858e-05
365	Daly	140000000000.0	10000000000.0	68400.0	3.6737658425032823e-06	-2.6339194692396597e-05	1.167465085039407e-05
366	Daly	140000000000.0	10000000000.0	64800.0	1.97819098692609e-06	5.421351860497391e-05	7.17611048103203e-05
367	Daly	140000000000.0	10000000000.0	61200.0	3.6298034666134747e-06	2.2524337598230624e-05	8.686116352261074e-05
368	Daly	140000000000.0	10000000000.0	57600.0	8.390046434331362e-07	5.8005250899729945e-05	7.363387521799322e-05
369	Daly	140000000000.0	10000000000.0	54000.0	2.8092979119823482e-06	7.027766583020785e-05	9.63700716048396e-05
370	Daly	140000000000.0	10000000000.0	50400.0	4.987921435129178e-06	0.00022047855470980893	0.001479596060345078
371	Daly	140000000000.0	10000000000.0	46800.0	3.3789503309047974e-06	9.127885009132213e-05	0.0003641493736646065
372	Daly	140000000000.0	10000000000.0	43200.0	8.663516160043778e-06	0.0002099875705309939	0.001404159313116762
373	Daly	140000000000.0	10000000000.0	39600.0	9.595865301971615e-06	0.00021276657609266216	0.0013087791385257889
374	Daly	140000000000.0	10000000000.0	36000.0	4.776612823819966e-06	0.00017187661553505967	0.001105098449823844
375	Daly	140000000000.0	10000000000.0	32400.0	1.0723360883411939e-05	0.00011660182800792885	0.0006926671228438478
376	Daly	140000000000.0	10000000000.0	28800.0	2.505982154688192e-05	0.000151049305737822	0.00020921317649675816
377	Daly	140000000000.0	10000000000.0	25200.0	5.8291667161401836e-05	0.0002592068288159576	0.00029507194280305096
378	Daly	140000000000.0	10000000000.0	21600.0	3.204831660442943e-05	0.00019072360619522017	7.024251984061726e-05
379	Daly	140000000000.0	10000000000.0	18000.0	6.475325615829138e-05	0.00028402658287607547	0.00012517921955407523
380	Daly	140000000000.0	10000000000.0	14400.0	0.00015140139252588962	0.0005377611631082074	0.0009300069849204023
381	Daly	140000000000.0	10000000000.0	10800.0	0.0005733117677661128	0.001152758904831222	0.0016283066324407143
382	Daly	140000000000.0	10000000000.0	7200.0	0.0017377283380124887	0.0033055332484198943	0.0051430889455500416
383	Daly	140000000000.0	10000000000.0	3600.0	0.015274632063115206	0.022213127374246376	0.02947499939655613
384	Daly	130000000000.0	10000000000.0	86400.0	2.230321955625365e-06	6.805890814048617e-05	2.223323472991853e-05
385	Daly	130000000000.0	10000000000.0	82800.0	2.602456431459861e-06	2.6785245445757802e-05	3.838556015391749e-05
386	Daly	130000000000.0	10000000000.0	79200.0	1.606115059156211e-06	0.00011496829985667295	0.00012982479348318964
387	Daly	130000000000.0	10000000000.0	75600.0	4.574834327186739e-07	3.7283132618515415e-05	4.914103858610143e-05
388	Daly	130000000000.0	10000000000.0	72000.0	3.2505992842035854e-06	9.865375018688056e-05	8.21941160124484e-05
389	Daly	130000000000.0	10000000000.0	68400.0	-2.370275057345518e-08	2.4542247176970308e-05	3.3307201549073815e-05
390	Daly	130000000000.0	10000000000.0	64800.0	4.053180246741994e-06	7.20976863217153e-05	4.77840862712203e-05
391	Daly	130000000000.0	10000000000.0	61200.0	3.1367387822507262e-06	0.0001252897007631946	0.0004961894945549151
392	Daly	130000000000.0	10000000000.0	57600.0	6.941900069960187e-06	1.9465937356583985e-05	2.3370760532325256e-05
393	Daly	130000000000.0	10000000000.0	54000.0	-2.5995097547126095e-07	0.00011652281508445873	0.00041946870524917437
394	Daly	130000000000.0	10000000000.0	50400.0	2.370618110567171e-06	-9.012753063042958e-05	0.0005063766468643535
395	Daly	130000000000.0	10000000000.0	46800.0	6.323752943146092e-06	3.4165975484473426e-05	0.00020336373199561714
396	Daly	130000000000.0	10000000000.0	43200.0	4.830946899020991e-06	9.11555422330641e-05	0.000275541574706299
397	Daly	130000000000.0	10000000000.0	39600.0	7.765796546279773e-06	0.00014851288385673916	0.0004953322044999604
398	Daly	130000000000.0	10000000000.0	36000.0	1.5131136022838353e-05	0.00011560147271033307	0.0003986808280338069
399	Daly	130000000000.0	10000000000.0	32400.0	1.2555172925777353e-05	0.0001851576928575319	0.0007381519658814231
400	Daly	130000000000.0	10000000000.0	28800.0	1.6894495772575274e-05	0.0003139999582090616	0.0004926539695219903
401	Daly	130000000000.0	10000000000.0	25200.0	-1.1128025425296314e-05	0.0001883056985176458	0.00013854561475623757
402	Daly	130000000000.0	10000000000.0	21600.0	0.00011004855778915223	0.0004536611976728675	0.0005876700773138625
403	Daly	130000000000.0	10000000000.0	18000.0	0.00013538579372283113	0.0002833320905767339	0.0001667365162082114
404	Daly	130000000000.0	10000000000.0	14400.0	0.0003410565299700011	0.0006905746898756234	0.0012330766169786215
405	Daly	130000000000.0	10000000000.0	10800.0	0.0007929002009168778	0.0014921931829766368	0.002107135027543246
406	Daly	130000000000.0	10000000000.0	7200.0	0.001917712780335886	0.0038244889137721287	0.005258870987768516
407	Daly	130000000000.0	10000000000.0	3600.0	0.019671438101775986	0.027666165343413762	0.0364256954811329
408	Daly	120000000000.0	10000000000.0	86400.0	1.1036524598783814e-06	-1.2772179664273346e-05	2.886968702903804e-05
409	Daly	120000000000.0	10000000000.0	82800.0	1.8442523058637334e-06	8.561256824950772e-05	0.00010421769472702188
410	Daly	120000000000.0	10000000000.0	79200.0	3.361996520957804e-06	4.613838435175608e-06	7.188494334492434e-06
411	Daly	120000000000.0	10000000000.0	75600.0	3.6886817769936483e-06	0.00011860199122942319	0.00011191801730476154
412	Daly	120000000000.0	10000000000.0	72000.0	8.979815766229358e-07	0.00016497290890395808	0.00020148371375432964
413	Daly	120000000000.0	10000000000.0	68400.0	2.3255996972016627e-06	-0.00017136172955789898	6.3841453696444e-05
414	Daly	120000000000.0	10000000000.0	64800.0	5.475433114412401e-07	0.00012362385707408836	0.00020551741094031742
415	Daly	120000000000.0	10000000000.0	61200.0	3.299187665469058e-06	9.039849915875399e-05	0.00014112029524714358
416	Daly	120000000000.0	10000000000.0	57600.0	4.018204615342927e-06	0.0001786543468031689	0.0005963302653306376
417	Daly	120000000000.0	10000000000.0	54000.0	2.7269779943960395e-06	7.666054921539868e-05	0.0004703662418411406
418	Daly	120000000000.0	10000000000.0	50400.0	-5.050399099818881e-06	0.00010897206992331718	0.0006160452862694712
419	Daly	120000000000.0	10000000000.0	46800.0	5.423139238467007e-06	0.00011247373719749525	0.00032547746914833066
420	Daly	120000000000.0	10000000000.0	43200.0	1.6487010064653409e-06	0.00013374715023537674	0.0004333961241645794
421	Daly	120000000000.0	10000000000.0	39600.0	6.2641551479208435e-06	6.479843348812509e-05	9.430798504925697e-05
422	Daly	120000000000.0	10000000000.0	36000.0	5.045053067527061e-06	0.00010686041882200091	0.00025278671242335844
423	Daly	120000000000.0	10000000000.0	32400.0	1.2343784086338229e-05	0.00016215571795176898	0.0008055679355103158
424	Daly	120000000000.0	10000000000.0	28800.0	2.0078761822161107e-05	0.0001959012104980032	0.0004530224754117761
425	Daly	120000000000.0	10000000000.0	25200.0	9.37902504948433e-05	0.0003140895986397552	0.0004735247154381767
426	Daly	120000000000.0	10000000000.0	21600.0	6.68777634152251e-05	0.00040620080670520655	0.0009184441948431089
427	Daly	120000000000.0	10000000000.0	18000.0	0.00016913388127142782	0.00045853932834893354	0.0005911785442381683
428	Daly	120000000000.0	10000000000.0	14400.0	0.00030523034206487044	0.0009464195451107577	0.0014503811247085596
429	Daly	120000000000.0	10000000000.0	10800.0	0.001057592524493433	0.0018040532852908705	0.0021828785434532755
430	Daly	120000000000.0	10000000000.0	7200.0	0.0028180725560282447	0.004706346838598628	0.006163568983756763
431	Daly	120000000000.0	10000000000.0	3600.0	0.026122947132190197	0.03530743489844994	0.042737248857365094
432	Daly	110000000000.0	10000000000.0	86400.0	1.5206885358535485e-06	-1.3393546309912563e-05	2.2261556100153647e-05
433	Daly	110000000000.0	10000000000.0	82800.0	3.0239269409546856e-06	5.9321169649935305e-05	7.688643789579837e-05
434	Daly	110000000000.0	10000000000.0	79200.0	1.5472720591860152e-06	7.550917717793083e-05	0.0002983307742925929
435	Daly	110000000000.0	10000000000.0	75600.0	5.615298746816449e-07	9.404147729633923e-05	3.6427787135004754e-05
436	Daly	110000000000.0	10000000000.0	72000.0	2.5583706233927054e-06	0.00010606570847500861	0.00012321674269078186
437	Daly	110000000000.0	10000000000.0	68400.0	-4.208566079213409e-07	4.849193179733526e-05	0.00021589595169591155
438	Daly	110000000000.0	10000000000.0	64800.0	3.549072408412453e-06	4.597660676281722e-05	0.0001438892959708436
439	Daly	110000000000.0	10000000000.0	61200.0	9.848276570950838e-07	8.688693007452526e-05	0.00012558751211666486
440	Daly	110000000000.0	10000000000.0	57600.0	2.646223098427781e-06	9.281202792353475e-05	0.00015266592170908326
441	Daly	110000000000.0	10000000000.0	54000.0	6.892710508847111e-06	6.551619279688593e-05	-4.472298885282782e-06
442	Daly	110000000000.0	10000000000.0	50400.0	5.262224435988882e-06	0.00010023448603410244	0.0004451738302973204
443	Daly	110000000000.0	10000000000.0	46800.0	1.376953206822296e-05	0.00010411211509304014	0.001311826231908595
444	Daly	110000000000.0	10000000000.0	43200.0	1.1998727493698627e-05	0.00013285770554520592	0.0005200607206524095
445	Daly	110000000000.0	10000000000.0	39600.0	1.8884858556148638e-05	0.00024847959566912857	0.0012049105623288454
446	Daly	110000000000.0	10000000000.0	36000.0	1.985170583222002e-05	0.0002790100173950755	0.0015000920584941797
447	Daly	110000000000.0	10000000000.0	32400.0	1.0428691106946915e-05	0.00020903581923198747	0.0010240038667074164
448	Daly	110000000000.0	10000000000.0	28800.0	8.884549687045032e-06	0.00030019737905529896	0.0006723427654453768
449	Daly	110000000000.0	10000000000.0	25200.0	3.362387408414565e-05	0.0003537183653468262	0.0005401256509826721
450	Daly	110000000000.0	10000000000.0	21600.0	0.00011560436643433703	0.00041570206917699486	0.0006305080605843801
451	Daly	110000000000.0	10000000000.0	18000.0	0.00025408412380258886	0.0007560419902787512	0.001119262660579387
452	Daly	110000000000.0	10000000000.0	14400.0	0.000470706390060027	0.0010826288178207588	0.002104051109103911
453	Daly	110000000000.0	10000000000.0	10800.0	0.0011482248042476717	0.002125602760542037	0.0030089991484455185
454	Daly	110000000000.0	10000000000.0	7200.0	0.003523736488942069	0.006089156545037872	0.008539322842567023
455	Daly	110000000000.0	10000000000.0	3600.0	0.032433487404682514	0.04389345112217172	0.05840542187852064
456	Daly	100000000000.0	10000000000.0	86400.0	2.875697095008374e-06	8.691096532254791e-05	0.00011693622043249072
457	Daly	100000000000.0	10000000000.0	82800.0	8.481853649182824e-07	-5.0667651971612014e-05	7.823657049596327e-05
458	Daly	100000000000.0	10000000000.0	79200.0	2.2525664116231753e-06	2.0577688835078146e-05	5.01420980670299e-05
459	Daly	100000000000.0	10000000000.0	75600.0	1.1166405776428308e-06	1.6148165810816366e-05	0.0009110043797644469
460	Daly	100000000000.0	10000000000.0	72000.0	3.4081353490126155e-06	0.00013512603446557775	0.00012757804235790895
461	Daly	100000000000.0	10000000000.0	68400.0	5.574948047383082e-06	8.558196049175725e-05	0.00014698905684908998
462	Daly	100000000000.0	10000000000.0	64800.0	3.5656761033580296e-06	0.00010911277416184427	0.00018010198783371717
463	Daly	100000000000.0	10000000000.0	61200.0	6.8446858398334566e-06	0.00015883081411687357	0.0006481363174073934
464	Daly	100000000000.0	10000000000.0	57600.0	3.1074282071853635e-06	0.00013215963354467171	0.00043117389327131014
465	Daly	100000000000.0	10000000000.0	54000.0	5.319856419042286e-06	0.00016959766994332343	0.0017767427636730775
466	Daly	100000000000.0	10000000000.0	50400.0	5.593825764255449e-06	7.959162785312247e-05	0.00031643974583479015
467	Daly	100000000000.0	10000000000.0	46800.0	6.518218823342348e-06	0.00012567384833347581	0.0012503753206976453
468	Daly	100000000000.0	10000000000.0	43200.0	1.848036144849055e-05	0.00017107254822536374	0.00022439421363350687
469	Daly	100000000000.0	10000000000.0	39600.0	1.6266574892533992e-05	0.00019503001234012643	0.0011529599516610436
470	Daly	100000000000.0	10000000000.0	36000.0	1.860246430065735e-05	0.000260454592201875	0.0010775225926638625
471	Daly	100000000000.0	10000000000.0	32400.0	7.24630717429268e-05	0.0003226349959046165	0.00022303831752701602
472	Daly	100000000000.0	10000000000.0	28800.0	4.1752330258528576e-05	0.00034613567145811016	0.000588259279574383
473	Daly	100000000000.0	10000000000.0	25200.0	5.441015986834438e-05	0.0003990502090729475	0.0005465649084101156
474	Daly	100000000000.0	10000000000.0	21600.0	0.00019573071382192727	0.0005373638337644101	0.0007974526184522089
475	Daly	100000000000.0	10000000000.0	18000.0	0.00024280788754825564	0.0010118739062960152	0.002195845599277714
476	Daly	100000000000.0	10000000000.0	14400.0	0.000808782219579882	0.00163716050056132	0.0022301662915010395
477	Daly	100000000000.0	10000000000.0	10800.0	0.001195483481415267	0.00240375805900262	0.0033638979240638474
478	Daly	100000000000.0	10000000000.0	7200.0	0.0048974976085495465	0.008202492248421176	0.012437390785887268
479	Daly	100000000000.0	10000000000.0	3600.0	0.03848464741006248	0.05300234888391556	0.06965880884235925
480	Daly	90000000000.0	10000000000.0	86400.0	2.229777545187153e-06	0.00012390077833969245	0.00011528991148785701
481	Daly	90000000000.0	10000000000.0	82800.0	4.500755991008524e-06	2.8377056448717556e-05	-2.6642360099671117e-05
482	Daly	90000000000.0	10000000000.0	79200.0	4.520385861308052e-06	3.467376387423295e-05	0.0002809498408182586
483	Daly	90000000000.0	10000000000.0	75600.0	8.473225134413009e-07	2.6922815021080922e-05	0.00012556659764678582
484	Daly	90000000000.0	10000000000.0	72000.0	4.294358722607347e-07	0.0002212275003310797	0.0007029904988572388
485	Daly	90000000000.0	10000000000.0	68400.0	1.6931876421395775e-06	0.00018640808396436768	0.0006823726982833861
486	Daly	90000000000.0	10000000000.0	64800.0	1.1254836365347785e-06	1.1013843565362133e-05	0.0003769196434053703
487	Daly	90000000000.0	10000000000.0	61200.0	-1.0488256476730545e-06	0.000154661215535349	0.0004085729011736846
488	Daly	90000000000.0	10000000000.0	57600.0	1.155853918050588e-05	0.0001089463461655744	0.0005153282013447634
489	Daly	90000000000.0	10000000000.0	54000.0	1.216732688886669e-05	0.0001842967495544559	0.0009396279500863276
490	Daly	90000000000.0	10000000000.0	50400.0	1.018259675169311e-05	1.0743742478736386e-05	-8.083258711844151e-05
491	Daly	90000000000.0	10000000000.0	46800.0	4.45258855565368e-06	0.00016951291453301727	0.0013083880137554447
492	Daly	90000000000.0	10000000000.0	43200.0	8.76691569179255e-06	0.00035532418594331095	0.0016162624110187664
493	Daly	90000000000.0	10000000000.0	39600.0	3.4992892332794806e-05	0.0001815402665788419	0.0005609499311744395
494	Daly	90000000000.0	10000000000.0	36000.0	1.4652762320162e-05	0.00023417228854673712	0.0002937392518148111
495	Daly	90000000000.0	10000000000.0	32400.0	1.3545926542831343e-05	0.00044001900529301173	0.0004399364594947653
496	Daly	90000000000.0	10000000000.0	28800.0	7.358437306242846e-05	0.00027537680284534774	0.000168206879448038
497	Daly	90000000000.0	10000000000.0	25200.0	0.00012357073452741587	0.0004782747575403954	0.0008931885908621975
498	Daly	90000000000.0	10000000000.0	21600.0	0.00018218053883984183	0.000637549427663596	0.0010685084614453205
499	Daly	90000000000.0	10000000000.0	18000.0	0.00021907366538207742	0.0011217151833045403	0.0019311722062064405
500	Daly	90000000000.0	10000000000.0	14400.0	0.0013048494246441294	0.0020669473915143695	0.002941410496921799
501	Daly	90000000000.0	10000000000.0	10800.0	0.0017467396039866957	0.0032517338778654662	0.004618047543679823
502	Daly	90000000000.0	10000000000.0	7200.0	0.006133569815097822	0.01034592369287514	0.014309152032501464
503	Daly	90000000000.0	10000000000.0	3600.0	0.0482648024614114	0.06461889943442051	0.08336981382277499
504	Daly	80000000000.0	10000000000.0	86400.0	2.4875736736406604e-06	3.497488933719401e-05	4.360772692875344e-05
505	Daly	80000000000.0	10000000000.0	82800.0	2.270907247527447e-06	7.476081385415263e-05	0.00012010793079133869
506	Daly	80000000000.0	10000000000.0	79200.0	-5.413545965144036e-07	0.0001878892489728392	0.000499086654220477
507	Daly	80000000000.0	10000000000.0	75600.0	4.915258164887339e-06	0.00010811180781944657	0.000693408033023213
508	Daly	80000000000.0	10000000000.0	72000.0	3.99165360938429e-06	0.00014801703987791744	0.0003149548533933747
509	Daly	80000000000.0	10000000000.0	68400.0	4.47604187498219e-06	0.00014937431390695997	0.0016534306981590772
510	Daly	80000000000.0	10000000000.0	64800.0	1.1460756877001857e-05	0.00018379429009919145	0.0008584302564127503
511	Daly	80000000000.0	10000000000.0	61200.0	1.760294916212376e-05	0.00019551006332768	0.0008204517530898548
512	Daly	80000000000.0	10000000000.0	57600.0	1.0588121276298155e-05	0.00010796537704534234	0.00023849890456712213
513	Daly	80000000000.0	10000000000.0	54000.0	-9.61994610414272e-07	2.2702698019195057e-05	0.00025945600849836556
514	Daly	80000000000.0	10000000000.0	50400.0	9.475126905531385e-06	0.00011773618795522247	0.00035765437397558076
515	Daly	80000000000.0	10000000000.0	46800.0	1.185724050656317e-05	0.00041613142776946517	0.0019476953759135643
516	Daly	80000000000.0	10000000000.0	43200.0	2.833932117426305e-05	0.00037367398932245863	0.001443304602075341
517	Daly	80000000000.0	10000000000.0	39600.0	2.111454978914661e-05	0.0002660849954292414	0.0011151112861432937
518	Daly	80000000000.0	10000000000.0	36000.0	2.6152480552077206e-05	0.0003321309936520681	0.0008538325493614015
519	Daly	80000000000.0	10000000000.0	32400.0	1.0727253752619375e-06	0.000323938739338857	0.0003421429744333471
520	Daly	80000000000.0	10000000000.0	28800.0	0.00013869024170457981	0.0005081093288632029	0.0007147518945450587
521	Daly	80000000000.0	10000000000.0	25200.0	0.00013728784581213917	0.0005892599089526802	0.0010318342997496484
522	Daly	80000000000.0	10000000000.0	21600.0	0.00031095067483148827	0.0013128142850798985	0.0021816733081741852
523	Daly	80000000000.0	10000000000.0	18000.0	0.0006685499179906072	0.001683234066454673	0.0027278003921927738
524	Daly	80000000000.0	10000000000.0	14400.0	0.0012163608776441471	0.0024070050570459364	0.004005704280353871
525	Daly	80000000000.0	10000000000.0	10800.0	0.002489950839664843	0.004690785405812196	0.0075823807772009
526	Daly	80000000000.0	10000000000.0	7200.0	0.009749901154951704	0.015113456181772036	0.020412060656449935
527	Daly	80000000000.0	10000000000.0	3600.0	0.061444280250577556	0.07969606068059269	0.10501764263181959
528	Daly	70000000000.0	10000000000.0	86400.0	4.3422308392516106e-06	3.4414830299904e-05	0.00032408165082876104
529	Daly	70000000000.0	10000000000.0	82800.0	1.6252614490120293e-06	0.000187349178424326	0.0010756059423222592
530	Daly	70000000000.0	10000000000.0	79200.0	-7.705398278054398e-06	0.000213642314300588	0.0010945630677823403
531	Daly	70000000000.0	10000000000.0	75600.0	3.90583736727926e-06	0.00015704778342574426	0.0006699464417220969
532	Daly	70000000000.0	10000000000.0	72000.0	-3.472502666315293e-06	4.102559918636099e-05	0.00011431946027855929
533	Daly	70000000000.0	10000000000.0	68400.0	3.0340028232465313e-06	0.0002760034202172439	0.0021479913871684797
534	Daly	70000000000.0	10000000000.0	64800.0	1.032667435723895e-05	0.00022215124795052537	0.0007311943302911154
535	Daly	70000000000.0	10000000000.0	61200.0	1.8709955957471277e-06	0.00023585641136199026	0.0012035792454433353
536	Daly	70000000000.0	10000000000.0	57600.0	6.556685944747735e-07	0.00019903359419164862	0.0007626575237802459
537	Daly	70000000000.0	10000000000.0	54000.0	1.9541930268308764e-06	0.00035032254694457256	0.0014740371591755639
538	Daly	70000000000.0	10000000000.0	50400.0	1.8591268599392713e-06	9.530937807429455e-05	0.00016616815712885698
539	Daly	70000000000.0	10000000000.0	46800.0	6.241572279696027e-06	0.0003401655824273479	0.00017323427637167075
540	Daly	70000000000.0	10000000000.0	43200.0	6.0585193406593655e-05	0.000463402174644158	0.000686543045159937
541	Daly	70000000000.0	10000000000.0	39600.0	3.392594736831777e-05	0.0003634356897175155	0.00020718658664331015
542	Daly	70000000000.0	10000000000.0	36000.0	0.00012476735125240893	0.00047985082424961017	0.00034165491367576985
543	Daly	70000000000.0	10000000000.0	32400.0	0.00010215171499277606	0.00044004746985361115	0.0007940083764554195
544	Daly	70000000000.0	10000000000.0	28800.0	0.00015736111226206684	0.0007495640246118051	0.0008299448812022461
545	Daly	70000000000.0	10000000000.0	25200.0	0.00029419623371590333	0.0008889258792850521	0.001589480694810498
546	Daly	70000000000.0	10000000000.0	21600.0	0.0002818450013149713	0.0011413102721008737	0.0015704793603605123
547	Daly	70000000000.0	10000000000.0	18000.0	0.0010081327931417312	0.001904892546128138	0.0026254890948399657
548	Daly	70000000000.0	10000000000.0	14400.0	0.0014101412254232308	0.002884246275860211	0.003896429471027611
549	Daly	70000000000.0	10000000000.0	10800.0	0.003849387057417017	0.006372950409378187	0.009888007852206018
550	Daly	70000000000.0	10000000000.0	7200.0	0.011868715475215359	0.022603041704266164	0.03382662020143744
551	Daly	70000000000.0	10000000000.0	3600.0	0.06663336721475954	0.08532651564830172	0.10571586122987306
552	Daly	60000000000.0	10000000000.0	86400.0	6.350709915035454e-06	0.00010485113895668767	0.0002738575555285025
553	Daly	60000000000.0	10000000000.0	82800.0	5.242247841696955e-07	0.00022780939003174522	0.0007880522950283456
554	Daly	60000000000.0	10000000000.0	79200.0	6.804647920020964e-06	0.00018891520914946853	0.000765693083852344
555	Daly	60000000000.0	10000000000.0	75600.0	1.2191781583739737e-05	0.00045380865960707674	0.0029257891944635796
556	Daly	60000000000.0	10000000000.0	72000.0	4.947086579478225e-06	0.00016536578389632117	0.0004982075934041386
557	Daly	60000000000.0	10000000000.0	68400.0	5.158824386280656e-06	0.0003712477569198357	0.001216455322064749
558	Daly	60000000000.0	10000000000.0	64800.0	6.410130441861835e-06	0.00016734425078560283	0.0007887688929025557
559	Daly	60000000000.0	10000000000.0	61200.0	-4.3393675737865534e-06	0.00019647279174295012	0.0019778684510220615
560	Daly	60000000000.0	10000000000.0	57600.0	7.448588828022813e-06	0.0005009088241636812	0.0020250504868569537
561	Daly	60000000000.0	10000000000.0	54000.0	3.92433120879407e-05	0.00014051051816578138	0.0014735817234931867
562	Daly	60000000000.0	10000000000.0	50400.0	3.965655961515375e-05	0.00040533881039839746	0.0015885258151352745
563	Daly	60000000000.0	10000000000.0	46800.0	6.173816462992643e-05	0.00029219192865832344	0.0012093003078737664
564	Daly	60000000000.0	10000000000.0	43200.0	3.274721258302436e-05	0.0003328939098415602	0.0004792675683121094
565	Daly	60000000000.0	10000000000.0	39600.0	7.148372645086805e-05	0.0006231384540142595	0.0005851057707088308
566	Daly	60000000000.0	10000000000.0	36000.0	9.57154672202027e-05	0.0007331354318918515	0.0007996367439500984
567	Daly	60000000000.0	10000000000.0	32400.0	0.0001509623120969258	0.0006580380204821103	0.0008331146448130921
568	Daly	60000000000.0	10000000000.0	28800.0	0.00020853303242340245	0.000813804085944649	0.002083877853751753
569	Daly	60000000000.0	10000000000.0	25200.0	0.0005980781354423641	0.0013427957506037134	0.002180110959472853
570	Daly	60000000000.0	10000000000.0	21600.0	0.0007780655348142352	0.0019369789131270126	0.002713296827982282
571	Daly	60000000000.0	10000000000.0	18000.0	0.001516423439167189	0.0026944171807703	0.003407562809631121
572	Daly	60000000000.0	10000000000.0	14400.0	0.002450726244799509	0.004304968991935158	0.006923126755838483
573	Daly	60000000000.0	10000000000.0	10800.0	0.00613897544844243	0.00994114731846481	0.013753701657864447
574	Daly	60000000000.0	10000000000.0	7200.0	0.0230354948481332	0.03372470200675447	0.04447325475033038
575	Daly	60000000000.0	10000000000.0	3600.0	0.07683720074619953	0.09741038409801067	0.1226230669153829
576	Daly	50000000000.0	10000000000.0	86400.0	-1.2679097076259647e-05	0.0002538036767095114	0.003258080609458017
577	Daly	50000000000.0	10000000000.0	82800.0	-1.900336539191797e-07	0.0003252816945419821	0.0022180653612226386
578	Daly	50000000000.0	10000000000.0	79200.0	2.531021998531695e-05	0.00019373094172059455	0.0002831757046333409
579	Daly	50000000000.0	10000000000.0	75600.0	1.5532465909495852e-05	0.0001747614601901457	0.001298146599919888
580	Daly	50000000000.0	10000000000.0	72000.0	-1.9030754375684355e-06	0.0004423482417567677	0.001610955010244676
581	Daly	50000000000.0	10000000000.0	68400.0	-3.2876403667997454e-06	0.0003279608765792201	0.0012041840333835677
582	Daly	50000000000.0	10000000000.0	64800.0	-2.043999607020795e-06	0.0003660489061948699	0.002075568780978262
583	Daly	50000000000.0	10000000000.0	61200.0	1.6488767070800428e-05	0.0002343957305577834	0.0015078555150820972
584	Daly	50000000000.0	10000000000.0	57600.0	1.5371143752503308e-05	0.00018824548884970624	0.00013436435762186625
585	Daly	50000000000.0	10000000000.0	54000.0	1.6324318809344607e-05	0.00037499356005948263	0.00012391297512958982
586	Daly	50000000000.0	10000000000.0	50400.0	1.8673000443978163e-06	0.0005276345412475134	0.0002824207975411024
587	Daly	50000000000.0	10000000000.0	46800.0	4.832766327284298e-05	0.0008305456235690627	0.0009180973573922201
588	Daly	50000000000.0	10000000000.0	43200.0	5.266294960168952e-05	0.0003665016077930173	0.0007035968707332597
589	Daly	50000000000.0	10000000000.0	39600.0	8.693916718359419e-05	0.0008998648949157121	0.0007905617436823205
590	Daly	50000000000.0	10000000000.0	36000.0	8.235315302582472e-05	0.0005509863106783375	0.0012807223165879219
591	Daly	50000000000.0	10000000000.0	32400.0	0.0004899937826786294	0.0012095328226072626	0.0014038867603611747
592	Daly	50000000000.0	10000000000.0	28800.0	0.00047120945369583735	0.001576065595230637	0.0025489829064482368
593	Daly	50000000000.0	10000000000.0	25200.0	0.0005118063516036538	0.001840060117153467	0.002765742766193257
594	Daly	50000000000.0	10000000000.0	21600.0	0.001281540257306809	0.002591571965581341	0.0032966278132329887
595	Daly	50000000000.0	10000000000.0	18000.0	0.0020035438388244804	0.004140906902693864	0.00648177315027717
596	Daly	50000000000.0	10000000000.0	14400.0	0.003909439014939212	0.008263567906099962	0.013416633756329547
597	Daly	50000000000.0	10000000000.0	10800.0	0.010914635996606777	0.018150621315963053	0.026106464672103414
598	Daly	50000000000.0	10000000000.0	7200.0	0.034848672260514295	0.050901407037837944	0.06624100687968984
599	Daly	50000000000.0	10000000000.0	3600.0	0.10045171520890585	0.12641101747644443	0.14857644980498927
600	Daly	40000000000.0	10000000000.0	86400.0	8.550404987993165e-06	0.0004958035670001315	0.0026911130656829796
601	Daly	40000000000.0	10000000000.0	82800.0	2.7359008349616727e-06	0.00022819205993374557	0.0012308943741890033
602	Daly	40000000000.0	10000000000.0	79200.0	3.5542491129966834e-06	0.0002341396749414535	0.0004263638895846088
603	Daly	40000000000.0	10000000000.0	75600.0	2.899984706356958e-05	0.00029308885396503817	0.0020529949712784416
604	Daly	40000000000.0	10000000000.0	72000.0	3.7743067846177645e-05	0.00036387043117848156	0.0014959966327937927
605	Daly	40000000000.0	10000000000.0	68400.0	8.999996195935625e-06	0.00026085721087566814	0.00023741999469735183
606	Daly	40000000000.0	10000000000.0	64800.0	3.0119915529144495e-05	0.0009943156114960404	0.002338927769967531
607	Daly	40000000000.0	10000000000.0	61200.0	5.402253309653326e-05	0.00024103168759684974	0.000430204092705513
608	Daly	40000000000.0	10000000000.0	57600.0	2.362112401549344e-05	0.0008626854973405791	0.002910737599928297
609	Daly	40000000000.0	10000000000.0	54000.0	3.666666848672426e-05	0.000451313308475665	0.001711705684701408
610	Daly	40000000000.0	10000000000.0	50400.0	0.00015357486060716907	0.0008012709069641854	0.000857855471699605
611	Daly	40000000000.0	10000000000.0	46800.0	7.65191259032095e-05	0.0006467216305299497	0.0011116127520192252
612	Daly	40000000000.0	10000000000.0	43200.0	6.478639536002065e-05	0.001085992524142046	0.0015691487534080042
613	Daly	40000000000.0	10000000000.0	39600.0	0.0003546314397588761	0.0013369427780991305	0.0017813564253714017
614	Daly	40000000000.0	10000000000.0	36000.0	0.0001741930510909165	0.00144878877382074	0.0029428749010594352
615	Daly	40000000000.0	10000000000.0	32400.0	0.0008081214356009153	0.0023494631678282795	0.0037645580188061826
616	Daly	40000000000.0	10000000000.0	28800.0	0.0013513175601821107	0.002898939975989871	0.004415377958298899
617	Daly	40000000000.0	10000000000.0	25200.0	0.0012555886679513524	0.00358181937682902	0.004744066715044512
618	Daly	40000000000.0	10000000000.0	21600.0	0.0011982748169235365	0.004128110573002504	0.0065258461963202015
619	Daly	40000000000.0	10000000000.0	18000.0	0.0046029704559722205	0.0075290285649361535	0.011403898805223581
620	Daly	40000000000.0	10000000000.0	14400.0	0.008417628825697836	0.015136666162378439	0.024538241886693866
621	Daly	40000000000.0	10000000000.0	10800.0	0.02329171747509473	0.03520059873774467	0.04498026661366452
622	Daly	40000000000.0	10000000000.0	7200.0	0.05387931833609716	0.07190651578383943	0.09578552619971678
623	Daly	40000000000.0	10000000000.0	3600.0	0.13000122285441704	0.15209280740152176	0.17646042242604357
